Stmt#	IsCovered
113
114
115
123
124
145
146
147
151
153
155
156
169
171
172
173
174
185
187
188
189
191
192
207
209
210
211
219
227
513
521
527
528
530
532
533
534
535
536
540
541
546
553
554
555
557
564
566
567
589
590
593
594
614
615
616
623
625
631
670
681
691
693
694
698
699
700
704
709
710
714
716
756
762
766
767
773
777
778
780
782
783
784
786
787
788
793
796
797
798
799
801
888
889
895
899
903
907
909
915
917
920
924
930
934
939
940
942
943
949
950
951
952
953
955
961
962
964
965
970
971
972
981
983
985
1195
1199
1204
1205
1207
1213
1214
1284
1291
1293
1295
1299
1301
1302
1304
1306
1307
1309
1310
1312
1315
1317
1322
1323
1324
1325
1330
1337
1338
1346
1348
1350
1351
1352
1353
1354
1356
1362
1366
1367
1368
1374
1381
1382
1383
1384
1390
1394
1403
1404
1405
1406
1407
1409
1410
1413
1414
1415
1417
1420
1421
1422
1423
1425
1428
1429
1433
1436
1438
1439
1441
1442
1443
1446
1448
1449
1450
1454
1455
1458
1460
1462
1467
1471
1472
1475
1477
1478
1481
1482
1484
1485
1488
1489
1490
1491
1493
1494
1496
1502
1508
1510
1512
1516
1519
1520
1521
1528
1529
1532
1533
1535
1537
1539
1540
1543
1545
1547
1549
1552
1554
1555
1558
1559
1564
1566
1569
1571
1573
1574
1576
1581
1582
1585
1595
1609
1625
1961
2011
2013
2014
2015
2021
2023
2024
2030
2032
2034
2037
2069
2077
2083
2084
2087
2088
2092
2093
2095
2096
2097
2100
2103
2114
2116
2117
2119
2123
2124
2126
2128
2130
2132
2133
2135
2137
2139
2141
2143
2145
2152
2158
2159
2160
2162
2164
2165
2167
2168
2170
2172
2177
2179
2180
2184
2185
2188
2189
2193
2197
2198
2202
2217
2218
2221
2222
2225
2227
2228
2236
2249
2253
2254
2257
2260
2263
2264
2270
2271
2282
2284
2286
2287
2288
2290
2291
2292
2293
2300
2304
2308
2309
2310
2313
2314
2315
2317
2318
2324
2338
2341
2343
2345
2346
2348
2351
2352
2354
2355
2358
2360
2361
2364
2367
2369
2372
2373
2375
2376
2386
2388
2389
2390
2391
2392
2394
2395
2397
2398
2399
2400
2401
2409
2410
2413
2415
2416
2420
2421
2428
2429
2430
2435
2439
2440
2441
2444
2445
2446
2448
2449
2450
2453
2454
2455
2456
2457
2459
2461
2462
2464
2467
2468
2484
2487
2489
2490
2493
2494
2496
2500
2501
2504
2505
2506
2507
2508
2509
2510
2514
2515
2516
2517
2518
2519
2520
2522
2524
2526
2528
2535
2536
2537
2538
2542
2544
2545
2546
2547
2558
2560
2561
2564
2588
2590
2592
2596
2599
2601
2610
2611
2613
2614
2616
2618
2620
2641
2647
2650
2652
2653
2654
2655
2659
2660
2661
2662
2663
2676
2677
2681
2692
2693
2694
2695
2703
2704
2705
2706
2718
2723
2725
2726
2727
2730
2736
2737
2738
2740
2744
2746
2747
2750
2751
2753
2770
2773
2793
2794
2797
2798
2799
2800
2801
2804
2811
2813
2814
2817
2818
2820
2821
2823
2827
2830
2831
2833
2834
2837
2838
2840
2841
2844
2845
2847
2848
2849
2850
2852
2854
2855
2857
2858
2859
2860
2861
2865
2866
2867
2868
2869
2872
2876
2877
2880
2883
2885
2886
2887
2888
2895
2896
2898
2899
2902
2907
2908
2909
2911
2913
2914
2915
2916
2917
2918
2919
2921
2922
2923
2924
2925
2927
2929
2940
2963
2964
2968
2969
2970
2971
2973
2992
2995
3001
3003
3004
3006
3012
3013
3015
3016
3019
3021
3022
3023
3024
3025
3026
3028
3029
3030
3031
3034
3035
3036
3037
3038
3039
3041
3056
3057
3060
3061
3062
3078
3079
3080
3081
3084
3087
3088
3089
3092
3094
3096
3097
3098
3099
3116
3118
3119
3120
3121
3139
3141
3144
3146
3150
3151
3159
3161
3162
3164
3166
3169
3179
3180
3191
3199
3200
3201
3203
3508
3509
3513
3514
3515
3517
3518
3519
3524
3525
3526
3527
3528
3529
3530
3531
3532
3533
3534
3535
3536
3537
3541
3542
3543
3544
3545
3546
3550
3551
3552
3553
3558
3560
3561
3562
3566
3567
3568
3569
3570
3571
3572
3575
3577
3578
3582
3584
3585
3588
3589
3591
3592
3593
3595
3596
3597
3600
3603
3606
3607
3608
3610
3611
3612
3613
3616
3618
3619
3620
3621
3622
3623
3628
3629
3630
3631
3633
3634
3635
3639
3640
3644
3645
3646
3649
3650
3651
3654
3656
3657
3664
3679
3680
3682
3683
3684
3686
3706
3707
3708
3711
3712
3715
3716
3718
3719
3720
3721
3722
3723
3724
3725
3727
3729
3731
3732
3738
3739
3742
3743
3744
3747
3748
3751
3755
3756
3757
3758
3759
3760
3761
3762
3763
3768
3770
3772
3773
3774
3779
3781
3782
3784
3785
3787
3793
3794
3795
3798
3813
3814
3815
3819
3820
3824
3825
3826
3827
3828
3829
3830
3834
3836
3837
3838
3840
3841
3843
3848
3849
3850
3851
3870
3871
3872
3873
3874
3875
3876
3877
3878
3879
3880
3884
3885
3886
3887
3889
3890
3895
3896
3900
3901
3902
3932
3933
3937
3938
3939
3940
3941
3942
3943
3944
3945
3949
3951
3955
3957
3958
3959
3961
3962
3966
3967
3969
3970
3971
3976
3977
3978
3979
3981
3982
3983
3984
3985
3986
3987
3989
3990
3991
3992
3993
3994
3995
3997
3999
4000
4001
4002
4003
4004
4005
4006
4010
4011
4012
4013
4014
4015
4016
4017
4023
4027
4028
4032
4033
4035
4036
4037
4039
4041
4042
4044
4045
4050
4052
4053
4059
4060
4064
4065
4066
4081
4082
4086
4087
4088
4092
4093
4094
4098
4099
4103
4104
4105
4106
4107
4108
4112
4126
4127
4128
4132
4134
4135
4136
4137
4138
4139
4144
4145
4146
4150
4157
4176
4178
4179
4180
4181
4182
4522
4523
4524
4526
4529
4530
4531
4532
4533
4541
4544
4545
4546
4547
4548
4552
4553
4554
4555
4556
4562
4563
4564
4565
4566
4567
4572
4575
4576
4577
4581
4592
4593
4594
4596
4597
4598
4599
4635
4636
4637
4639
4642
4645
4648
4650
4666
4667
4668
4669
4670
4671
4677
4679
4684
4686
4687
4688
4689
4690
4693
4695
4696
4697
4698
4699
4700
4702
4709
4710
4711
4712
4713
4717
4718
4725
4726
4727
4728
4729
4730
4732
4733
4735
4753
4760
4761
4770
4771
4772
4774
4792
4793
4794
4796
4797
4803
4805
4806
4807
4808
4810
4819
4820
4821
4822
4823
4826
4831
4837
4838
4840
4841
4844
4845
4846
4854
4855
4857
4859
4864
4867
4881
4883
4884
4885
4886
4888
4889
4891
4892
4893
4898
4900
4901
4902
4903
4904
4905
4907
4909
4910
4911
4912
4913
4915
4929
4931
4932
4933
4934
4937
4939
4940
4941
4943
4944
4946
4947
4948
4951
4953
4954
4957
4959
4960
4961
4962
4963
4965
4979
4980
4983
4992
4993
4996
4999
5016
5017
5018
5019
5021
5025
5028
5045
5048
5051
5054
5063
5066
5067
5068
5074
5095
5104
5105
5106
5108
5113
5115
5116
5117
5119
5120
5121
5122
5125
5127
5129
5130
5135
5146
5147
5149
5152
5157
5158
5160
5164
5167
5170
5171
5172
5175
5177
5178
5180
5181
5183
5187
5189
5205
5206
5207
5208
5212
5213
5214
5215
5216
5220
5221
5222
5223
5224
5225
5227
5229
5232
5233
5234
5235
5236
5239
5240
5244
5256
5257
5258
5259
5260
5261
5262
5476
5477
5478
5479
5482
5483
5485
5486
5489
5490
5492
5493
5494
5495
5496
5497
5498
5500
5502
5504
5505
5512
5513
5515
5516
5518
5519
5521
5522
5523
5525
5526
5528
5531
5532
5533
5535
5536
5537
5539
5541
5542
5544
5546
5547
5548
5550
5551
5552
5553
5555
5556
5557
5559
5560
5562
5563
5576
5577
5578
5580
5582
5583
5586
5588
5589
5591
5597
5599
5601
5602
5603
5605
5606
5607
5608
5610
5612
5613
5615
5616
5620
5622
5623
5624
5626
5628
5630
5631
5632
5635
5739
5740
5742
5743
5744
5748
5749
5750
5751
5753
5754
5765
5768
5769
5771
5773
5774
5777
5785
5789
5793
5794
5798
5800
5805
5806
5807
5808
5809
5812
5831
5832
5834
5835
5836
5837
5840
5849
5850
5851
5852
5855
5856
5858
5859
5860
5867
5870
5876
5877
5879
5881
5882
5884
5937
5939
5942
5944
5949
5952
5953
5955
5956
5957
5960
5961
5965
5966
5968
5969
5973
5974
5977
5990
5991
5995
5996
5998
6000
6001
6002
6006
6008
6010
6011
6012
6013
6016
6018
6020
6022
6023
6025
6026
6030
6032
6034
6038
6042
6043
6045
6046
6048
6054
6055
6057
6058
6062
6063
6065
6066
6070
6072
6073
6078
6092
6093
6094
6097
6098
6140
6141
6143
6144
6145
6147
6152
6156
6165
6166
6167
6179
6180
6185
6187
6188
6189
6191
6192
6194
6195
6196
6205
6207
6208
6209
6218
6219
6221
6222
6224
6225
6239
6240
6241
6243
6244
6255
6256
6269
6280
6350
6351
6353
6354
6356
6357
6359
6360
6361
6363
6364
6366
6367
6368
6370
6374
6375
6376
6377
6380
6381
6384
6385
6386
6387
6391
6392
6393
6402
6403
6409
6414
6415
6416
6418
6420
6425
6426
6427
6439
6440
6441
6442
6444
6446
6447
6448
6450
6460
6462
6463
6553
6554
6555
6557
6558
6559
6563
6564
6565
6566
6568
6569
6571
6572
6575
6577
6578
6579
6581
6582
6584
6585
6587
6588
6590
6592
6606
6607
6611
6614
6615
6632
6633
6635
6636
6637
